   8.8500000e+03
   7.3220000e+03
   6.5880000e+03
   6.2790000e+03
   5.9230000e+03
   5.4410000e+03
   5.1250000e+03
   4.9600000e+03
   4.7940000e+03
   4.6040000e+03
   4.4190000e+03
   4.2450000e+03
   4.0910000e+03
   3.9430000e+03
   3.7990000e+03
   3.6730000e+03
   3.5610000e+03
   3.4530000e+03
   3.3480000e+03
   3.2470000e+03
   3.1510000e+03
   3.0600000e+03
   2.9740000e+03
   2.8900000e+03
   2.8090000e+03
   2.7280000e+03
   2.6480000e+03
   2.5690000e+03
   2.4920000e+03
   2.4170000e+03
   2.3480000e+03
   2.2830000e+03
   2.2210000e+03
   2.1630000e+03
   2.1060000e+03
   2.0510000e+03
   1.9960000e+03
   1.9420000e+03
   1.8870000e+03
   1.8310000e+03
   1.7730000e+03
   1.7140000e+03
   1.6560000e+03
   1.5990000e+03
   1.5450000e+03
   1.4940000e+03
   1.4470000e+03
   1.4050000e+03
   1.3650000e+03
   1.3290000e+03
   1.2940000e+03
   1.2600000e+03
   1.2270000e+03
   1.1940000e+03
   1.1600000e+03
   1.1250000e+03
   1.0900000e+03
   1.0560000e+03
   1.0210000e+03
   9.8700000e+02
   9.5400000e+02
   9.2100000e+02
   8.9000000e+02
   8.5800000e+02
   8.2700000e+02
   7.9700000e+02
   7.6700000e+02
   7.3900000e+02
   7.1200000e+02
   6.8700000e+02
   6.6400000e+02
   6.4300000e+02
   6.2300000e+02
   6.0300000e+02
   5.8400000e+02
   5.6500000e+02
   5.4600000e+02
   5.2700000e+02
   5.0900000e+02
   4.9100000e+02
   4.7400000e+02
   4.5700000e+02
   4.4200000e+02
   4.2700000e+02
   4.1300000e+02
   4.0000000e+02
   3.8700000e+02
   3.7400000e+02
   3.6200000e+02
   3.5000000e+02
   3.3900000e+02
   3.2800000e+02
   3.1700000e+02
   3.0700000e+02
   2.9700000e+02
   2.8700000e+02
   2.7700000e+02
   2.6800000e+02
   2.5900000e+02
   2.4900000e+02
   2.4100000e+02
   2.3200000e+02
   2.2400000e+02
   2.1500000e+02
   2.0700000e+02
   2.0000000e+02
   1.9200000e+02
   1.8500000e+02
   1.7700000e+02
   1.7000000e+02
   1.6300000e+02
   1.5600000e+02
   1.5000000e+02
   1.4300000e+02
   1.3700000e+02
   1.3100000e+02
   1.2500000e+02
   1.1900000e+02
   1.1300000e+02
   1.0700000e+02
   1.0100000e+02
   9.6000000e+01
   9.0000000e+01
   8.5000000e+01
   8.0000000e+01
   7.5000000e+01
   7.0000000e+01
   6.5000000e+01
   6.1000000e+01
   5.6000000e+01
   5.1000000e+01
   4.7000000e+01
   4.2000000e+01
   3.8000000e+01
   3.3000000e+01
   2.8000000e+01
   2.4000000e+01
   1.9000000e+01
   1.4000000e+01
   9.0000000e+00
   4.0000000e+00
  -1.0000000e+00
  -6.0000000e+00
  -1.1000000e+01
  -1.6000000e+01
  -2.0000000e+01
  -2.5000000e+01
  -3.0000000e+01
  -3.5000000e+01
  -4.0000000e+01
  -4.4000000e+01
  -4.9000000e+01
  -5.3000000e+01
  -5.7000000e+01
  -6.0000000e+01
  -6.4000000e+01
  -6.7000000e+01
  -7.1000000e+01
  -7.4000000e+01
  -7.8000000e+01
  -8.2000000e+01
  -8.6000000e+01
  -9.1000000e+01
  -9.7000000e+01
  -1.0300000e+02
  -1.1000000e+02
  -1.1800000e+02
  -1.2800000e+02
  -1.3900000e+02
  -1.5000000e+02
  -1.6200000e+02
  -1.7500000e+02
  -1.8800000e+02
  -2.0100000e+02
  -2.1400000e+02
  -2.2700000e+02
  -2.4100000e+02
  -2.5500000e+02
  -2.7000000e+02
  -2.8600000e+02
  -3.0200000e+02
  -3.1900000e+02
  -3.3700000e+02
  -3.5500000e+02
  -3.7500000e+02
  -3.9600000e+02
  -4.1800000e+02
  -4.4200000e+02
  -4.6700000e+02
  -4.9300000e+02
  -5.2000000e+02
  -5.4700000e+02
  -5.7600000e+02
  -6.0500000e+02
  -6.3500000e+02
  -6.6600000e+02
  -6.9900000e+02
  -7.3400000e+02
  -7.7100000e+02
  -8.1200000e+02
  -8.5800000e+02
  -9.1200000e+02
  -9.7000000e+02
  -1.0320000e+03
  -1.0940000e+03
  -1.1550000e+03
  -1.2130000e+03
  -1.2700000e+03
  -1.3270000e+03
  -1.3840000e+03
  -1.4420000e+03
  -1.5000000e+03
  -1.5590000e+03
  -1.6200000e+03
  -1.6820000e+03
  -1.7460000e+03
  -1.8090000e+03
  -1.8730000e+03
  -1.9370000e+03
  -2.0010000e+03
  -2.0630000e+03
  -2.1240000e+03
  -2.1850000e+03
  -2.2460000e+03
  -2.3060000e+03
  -2.3660000e+03
  -2.4250000e+03
  -2.4840000e+03
  -2.5420000e+03
  -2.6010000e+03
  -2.6590000e+03
  -2.7180000e+03
  -2.7770000e+03
  -2.8350000e+03
  -2.8910000e+03
  -2.9470000e+03
  -3.0010000e+03
  -3.0520000e+03
  -3.1010000e+03
  -3.1490000e+03
  -3.1950000e+03
  -3.2400000e+03
  -3.2840000e+03
  -3.3270000e+03
  -3.3700000e+03
  -3.4120000e+03
  -3.4540000e+03
  -3.4960000e+03
  -3.5390000e+03
  -3.5810000e+03
  -3.6230000e+03
  -3.6640000e+03
  -3.7040000e+03
  -3.7430000e+03
  -3.7800000e+03
  -3.8150000e+03
  -3.8480000e+03
  -3.8790000e+03
  -3.9090000e+03
  -3.9380000e+03
  -3.9660000e+03
  -3.9930000e+03
  -4.0190000e+03
  -4.0440000e+03
  -4.0690000e+03
  -4.0930000e+03
  -4.1170000e+03
  -4.1390000e+03
  -4.1620000e+03
  -4.1840000e+03
  -4.2050000e+03
  -4.2260000e+03
  -4.2460000e+03
  -4.2660000e+03
  -4.2850000e+03
  -4.3040000e+03
  -4.3220000e+03
  -4.3390000e+03
  -4.3570000e+03
  -4.3740000e+03
  -4.3900000e+03
  -4.4060000e+03
  -4.4220000e+03
  -4.4370000e+03
  -4.4530000e+03
  -4.4670000e+03
  -4.4820000e+03
  -4.4970000e+03
  -4.5110000e+03
  -4.5250000e+03
  -4.5390000e+03
  -4.5520000e+03
  -4.5660000e+03
  -4.5790000e+03
  -4.5920000e+03
  -4.6050000e+03
  -4.6170000e+03
  -4.6300000e+03
  -4.6420000e+03
  -4.6540000e+03
  -4.6650000e+03
  -4.6760000e+03
  -4.6870000e+03
  -4.6980000e+03
  -4.7090000e+03
  -4.7190000e+03
  -4.7290000e+03
  -4.7390000e+03
  -4.7490000e+03
  -4.7580000e+03
  -4.7670000e+03
  -4.7770000e+03
  -4.7860000e+03
  -4.7950000e+03
  -4.8040000e+03
  -4.8130000e+03
  -4.8220000e+03
  -4.8300000e+03
  -4.8390000e+03
  -4.8480000e+03
  -4.8560000e+03
  -4.8640000e+03
  -4.8720000e+03
  -4.8800000e+03
  -4.8880000e+03
  -4.8960000e+03
  -4.9040000e+03
  -4.9120000e+03
  -4.9190000e+03
  -4.9270000e+03
  -4.9350000e+03
  -4.9420000e+03
  -4.9500000e+03
  -4.9580000e+03
  -4.9660000e+03
  -4.9740000e+03
  -4.9830000e+03
  -4.9910000e+03
  -4.9990000e+03
  -5.0080000e+03
  -5.0170000e+03
  -5.0250000e+03
  -5.0340000e+03
  -5.0430000e+03
  -5.0510000e+03
  -5.0600000e+03
  -5.0690000e+03
  -5.0780000e+03
  -5.0860000e+03
  -5.0950000e+03
  -5.1030000e+03
  -5.1120000e+03
  -5.1200000e+03
  -5.1280000e+03
  -5.1360000e+03
  -5.1440000e+03
  -5.1510000e+03
  -5.1590000e+03
  -5.1670000e+03
  -5.1740000e+03
  -5.1810000e+03
  -5.1890000e+03
  -5.1960000e+03
  -5.2030000e+03
  -5.2100000e+03
  -5.2170000e+03
  -5.2240000e+03
  -5.2310000e+03
  -5.2380000e+03
  -5.2450000e+03
  -5.2520000e+03
  -5.2590000e+03
  -5.2660000e+03
  -5.2730000e+03
  -5.2810000e+03
  -5.2880000e+03
  -5.2950000e+03
  -5.3020000e+03
  -5.3090000e+03
  -5.3160000e+03
  -5.3230000e+03
  -5.3300000e+03
  -5.3370000e+03
  -5.3440000e+03
  -5.3510000e+03
  -5.3580000e+03
  -5.3650000e+03
  -5.3720000e+03
  -5.3790000e+03
  -5.3860000e+03
  -5.3930000e+03
  -5.4000000e+03
  -5.4070000e+03
  -5.4150000e+03
  -5.4220000e+03
  -5.4290000e+03
  -5.4360000e+03
  -5.4440000e+03
  -5.4510000e+03
  -5.4590000e+03
  -5.4670000e+03
  -5.4740000e+03
  -5.4820000e+03
  -5.4900000e+03
  -5.4980000e+03
  -5.5060000e+03
  -5.5140000e+03
  -5.5220000e+03
  -5.5300000e+03
  -5.5380000e+03
  -5.5460000e+03
  -5.5540000e+03
  -5.5620000e+03
  -5.5700000e+03
  -5.5790000e+03
  -5.5870000e+03
  -5.5950000e+03
  -5.6030000e+03
  -5.6110000e+03
  -5.6190000e+03
  -5.6280000e+03
  -5.6360000e+03
  -5.6440000e+03
  -5.6520000e+03
  -5.6600000e+03
  -5.6680000e+03
  -5.6770000e+03
  -5.6850000e+03
  -5.6930000e+03
  -5.7010000e+03
  -5.7100000e+03
  -5.7180000e+03
  -5.7260000e+03
  -5.7350000e+03
  -5.7430000e+03
  -5.7510000e+03
  -5.7590000e+03
  -5.7680000e+03
  -5.7760000e+03
  -5.7840000e+03
  -5.7920000e+03
  -5.8000000e+03
  -5.8080000e+03
  -5.8170000e+03
  -5.8250000e+03
  -5.8320000e+03
  -5.8400000e+03
  -5.8480000e+03
  -5.8560000e+03
  -5.8630000e+03
  -5.8710000e+03
  -5.8780000e+03
  -5.8860000e+03
  -5.8940000e+03
  -5.9010000e+03
  -5.9090000e+03
  -5.9170000e+03
  -5.9240000e+03
  -5.9320000e+03
  -5.9400000e+03
  -5.9490000e+03
  -5.9570000e+03
  -5.9660000e+03
  -5.9750000e+03
  -5.9840000e+03
  -5.9930000e+03
  -6.0020000e+03
  -6.0110000e+03
  -6.0200000e+03
  -6.0290000e+03
  -6.0380000e+03
  -6.0480000e+03
  -6.0580000e+03
  -6.0680000e+03
  -6.0780000e+03
  -6.0890000e+03
  -6.1000000e+03
  -6.1110000e+03
  -6.1230000e+03
  -6.1360000e+03
  -6.1480000e+03
  -6.1620000e+03
  -6.1760000e+03
  -6.1920000e+03
  -6.2090000e+03
  -6.2260000e+03
  -6.2450000e+03
  -6.2640000e+03
  -6.2840000e+03
  -6.3040000e+03
  -6.3250000e+03
  -6.3450000e+03
  -6.3660000e+03
  -6.3870000e+03
  -6.4070000e+03
  -6.4270000e+03
  -6.4470000e+03
  -6.4680000e+03
  -6.4890000e+03
  -6.5110000e+03
  -6.5340000e+03
  -6.5600000e+03
  -6.5870000e+03
  -6.6180000e+03
  -6.6490000e+03
  -6.6830000e+03
  -6.7200000e+03
  -6.7630000e+03
  -6.8140000e+03
  -6.8750000e+03
  -6.9490000e+03
  -7.0690000e+03
  -7.2820000e+03
  -7.5430000e+03
  -7.8020000e+03
  -8.0080000e+03
  -8.1560000e+03
  -8.3160000e+03
  -8.5670000e+03
  -9.2520000e+03
  -1.1038590e+04
